1 13  474 233 596 391 255 0 255
2 32 1 255 0 255 542 295 
2 32 1 255 0 255 525 338 
2 32 1 255 0 255 547 317 
2 32 1 255 0 255 541 300 
2 32 1 255 0 255 533 305 
2 32 1 255 0 255 515 306 
2 32 1 255 0 255 542 288 
2 32 1 255 0 255 566 309 
2 32 1 255 0 255 520 312 
2 32 1 255 0 255 541 299 
1 13  805 248 736 356 255 0 255
2 33 2 255 0 255 736 302 805 290 
2 33 2 255 0 255 805 302 787 356 
2 33 2 255 0 255 736 274 805 316 
2 33 2 255 0 255 774 248 760 356 
1 13  1066 190 907 448 255 0 255
2 34 3 255 0 255 907 347 1001 330 907 238 
2 34 7 255 0 255 950 190 991 241 1014 190 1066 190 1066 262 1014 271 950 190 
1 12  1276 252 1370 342 255 0 255
2 35 1 255 0 255 1316 294 
2 35 1 255 0 255 1310 327 
2 35 1 255 0 255 1315 309 
2 35 1 255 0 255 1331 283 
2 35 1 255 0 255 1318 305 
2 35 1 255 0 255 1333 297 
2 35 1 255 0 255 1354 289 
1 12  270 99 341 207 255 0 255
2 36 2 255 0 255 270 138 361 118 
2 36 2 255 0 255 355 99 270 143 
2 36 2 255 0 255 278 99 322 190 
1 12  210 394 450 644 255 0 255
2 37 4 255 0 255 209 372 137 429 188 509 126 552 210 394 455 639 
1 12  835 458 665 643 255 0 255
2 37 4 255 0 255 812 457 695 546 878 690 706 695 835 458 1012 635 
2 39 4 255 0 255 1282 554 1351 446 1435 555 1297 603 835 458 1012 635 
2 39 4 255 0 255 1425 684 1487 540 1654 511 1683 608 835 458 1012 635 
